-0.16519 6.52872 -1.65369 4.22664 1.70605 1.43348 1.59928 0.837354 0
-7.50848 -8.58685 -1.83682 4.2932 1.78443 1.52445 0.11898 0.828523 0
5.19445 -11.7273 -2.12659 4.48607 1.84738 1.59761 -1.54107 0.804713 0
-1.76966 -5.49194 -1.89338 4.32687 1.78356 1.60229 1.25589 0.797872 0
9.14442 15.55 -1.446 0.738435 0.652462 1.75078 2.83884 0.723212 8
-5.20074 -25.1814 -2.345 4.44247 1.8829 1.70106 3.18424 0.723016 0
-16.2556 -8.33074 -1.52965 4.67846 1.93888 1.54997 3.08046 0.717507 0
-20.4236 -18.7306 -1.76197 4.53452 1.90789 1.52967 0.0806175 0.699665 0
-16.6841 -11.3802 -1.60336 4.55671 1.91442 1.72616 3.23294 0.628749 0
-20.335 -5.78555 -1.21563 4.69219 1.93509 1.58131 -0.0283798 0.613642 0
-25.3345 -21.2663 -0.956067 0.588731 0.637348 1.77661 0.271673 0.549338 8
-10.7272 -24.5379 -2.20008 4.77073 2.02104 1.8519 3.18587 0.515109 0
-5.34705 -27.7656 -2.43414 4.39072 1.90416 1.71524 3.11883 0.491448 0
-10.2758 -36.4523 -2.50033 4.49045 1.93699 1.62237 3.15045 0.469946 0
-25.9754 -21.9287 -0.866728 0.576499 0.637659 1.7888 0.352336 0.450238 8
8.63028 14.8384 -1.43157 0.73108 0.652462 1.76537 2.96149 0.436922 8
-21.3392 -34.0947 -2.11632 4.71515 1.9936 1.74651 -0.00771856 0.430028 0
-10.1985 -31.6844 -2.39849 4.41221 1.94742 1.63509 3.14267 0.425009 0
-21.2971 -36.4576 -2.17919 4.64205 1.9936 1.71524 -0.00270569 0.40698 0
-2.85605 -36.4714 -2.68983 1.9579 0.705997 1.54392 -1.53914 0.397646 6
-0.414135 14.7199 -1.45962 4.48607 1.8348 1.72363 1.47688 0.390243 0
-2.95377 -32.5184 -2.57803 1.99457 0.689138 1.46784 -1.4818 0.369315 6
-10.2331 -28.5244 -2.31763 4.46858 1.96078 1.68864 3.17116 0.367384 0
-10.2532 -34.932 -2.46875 4.47294 1.93888 1.60778 3.15587 0.352647 0
-25.1083 -20.7452 -0.946712 0.590459 0.633006 1.75849 0.187048 0.344223 8
9.73226 16.2428 -1.4452 0.749697 0.653738 1.73207 2.81124 0.339061 8
-0.243726 21.0946 -1.17465 4.27228 1.78008 1.68453 1.55273 0.338514 0
-10.2326 -33.2677 -2.42574 4.42515 1.93226 1.60268 3.14343 0.309232 0
-21.2724 -32.5287 -2.06889 4.54782 1.94837 1.64631 0.00529289 0.305283 0
-21.9434 -28.4742 -1.90587 4.47731 1.91816 1.60073 -0.0207484 0.299412 0
-2.85118 -34.9266 -2.64801 2.02203 0.713447 1.51962 -1.50859 0.298389 6
1.1979 -49.2859 -2.90923 4.4079 1.8829 1.68288 1.59726 0.290578 0
-25.9822 -4.37824 0.0532543 0.688801 0.655976 1.62792 3.73175 0.288669 8
-21.2553 -38.0368 -2.22314 4.61944 1.9936 1.66653 -0.000290155 0.28577 0
-21.3388 -26.862 -1.89305 4.55671 1.93793 1.62912 -0.0886581 0.2819 0
-10.697 -26.0015 -2.24008 4.64205 2.00042 1.76365 3.16636 0.272025 0
-25.279 -4.35867 -0.0231115 0.679116 0.651507 1.61407 4.15631 0.26588 8
-5.2525 -45.2819 -2.77599 4.33109 1.8519 1.58324 3.19019 0.26341 0
-3.23289 21.972 -1.10898 0.277148 0.273385 1.0087 0.557653 0.262275 9
-3.35131 22.5786 -1.1057 0.281238 0.273652 1.03698 0.606123 0.258139 9
-10.0027 -22.9465 -2.16054 4.75678 2.0014 1.85461 3.16745 0.248352 0
-5.26509 -43.7119 -2.74382 4.2932 1.83122 1.56556 3.17963 0.247078 0
-22.0096 -30.0423 -1.9639 4.45116 1.90789 1.57553 -0.000664711 0.247078 0
-5.24654 -46.867 -2.81542 4.38215 1.87831 1.60974 3.18709 0.244904 0
-26.7648 -4.43422 0.123299 0.70153 0.665656 1.6439 3.55765 0.243463 8
-3.42647 -32.4955 -2.56411 2.21751 0.746774 1.55565 -1.51529 0.242744 6
-10.1995 -30.0817 -2.36181 4.48607 1.96557 1.68042 3.16225 0.23634 0
-21.2736 -39.5697 -2.26938 4.63752 2.00238 1.65517 -0.0154458 0.232659 0
-5.13516 -37.289 -2.66742 4.4338 1.91629 1.61132 3.37908 0.223716 0
-10.6621 -37.9579 -2.49819 4.53009 1.93415 1.63629 3.15101 0.219337 0
-5.2689 -48.4528 -2.85343 4.44247 1.90045 1.65356 3.17529 0.21684 0
-9.19166 -21.3666 -2.09086 4.64205 1.95122 1.84828 3.17768 0.212232 0
-26.5685 -22.1473 -0.794819 0.583295 0.634244 1.79931 0.495987 0.207857 8
6.22073 12.8295 -1.38966 0.321812 0.322126 0.771609 3.20562 0.203708 9
-0.265701 17.8901 -1.31452 4.44681 1.80635 1.72953 1.53511 0.201342 0
-27.57 -4.5088 0.172662 0.720801 0.679448 1.6649 3.43602 0.199932 8
-5.32143 -50.0795 -2.89282 4.43814 1.90602 1.66653 3.16703 0.192236 0
-5.24109 -42.1195 -2.71569 4.30159 1.83659 1.57015 3.18326 0.187728 0
-1.14897 29.0582 -1.05989 4.25979 1.74907 1.54807 1.68503 0.183447 0
-2.83256 -37.963 -2.68644 1.87007 0.684944 1.55793 -1.57079 0.182426 6
-28.3726 -4.5582 0.198138 0.738795 0.694203 1.67632 3.30222 0.173568 8
-5.3433 -51.6417 -2.94127 4.31421 1.88014 1.65033 3.09421 0.17245 0
-5.14709 -38.8629 -2.68183 4.44247 1.90138 1.63111 3.28523 0.171894 0
-3.52788 23.3452 -1.08842 0.28289 0.284275 1.0756 0.804699 0.168446 9
-24.5639 -4.38043 -0.136397 0.658061 0.648334 1.5667 -1.36389 0.16654 8
-26.744 -22.6786 -0.833816 0.579321 0.635794 1.81431 0.656205 0.165863 8
-3.50429 -36.4743 -2.66027 2.53495 0.881635 1.55224 -1.55471 0.165728 6
-2.93831 21.286 -1.16967 0.272053 0.290449 1.15889 0.778733 0.165458 9
-2.97332 -30.9923 -2.54166 1.97519 0.675808 1.43173 -1.47579 0.164114 6
-5.30614 -29.0351 -2.48891 4.3438 1.87922 1.66897 3.1931 0.161982 0
-5.1656 -40.4935 -2.69474 4.3438 1.86005 1.59527 3.2109 0.154951 0
-5.18469 -35.7539 -2.64338 4.37787 1.90231 1.59605 3.56696 0.154695 0
1.25534 -46.1786 -2.85749 4.35229 1.86916 1.6936 1.61899 0.151404 0
-29.1498 -4.56386 0.206788 0.759832 0.70376 1.68864 3.1744 0.145965 8
-1.08678 25.8773 -1.08658 4.24732 1.74907 1.60817 1.62608 0.144752 0
-3.45438 -34.0309 -2.60449 2.32393 0.789522 1.56556 -1.52361 0.143188 6
-30.7499 -0.319346 0.103604 0.750979 0.675479 1.738 1.92077 0.141756 8
-24.4451 -19.9414 -1.05226 0.598879 0.626548 1.75849 0.179856 0.141163 8
-3.56235 -29.3036 -2.48934 2.11287 0.719219 1.46354 4.6995 0.140808 6
-1.93455 49.9169 -0.711475 4.28064 1.92567 1.56977 3.06174 0.140454 0
-30.0387 -0.327793 0.118389 0.720449 0.656938 1.61486 1.97218 0.136033 8
-25.7693 -20.7692 -0.80677 0.585578 0.633315 1.72363 0.162517 0.135575 8
0.371542 23.3998 -1.12244 4.30159 1.77921 1.66003 1.57684 0.131173 0
-26.0131 -5.00519 0.0320443 0.701872 0.651189 1.55755 4.17837 0.128197 8
-3.0522 -29.36 -2.54111 1.96269 0.670058 1.41505 -1.50528 0.124745 6
-2.41893 -35.7118 -2.70828 1.97133 0.708068 1.47142 -1.50981 0.122944 6
8.38442 14.203 -1.44198 0.74459 0.651825 1.75249 2.9665 0.120542 8
-2.70669 42.676 -0.7574 4.33109 1.85371 1.57015 2.8922 0.119819 0
-2.39489 -33.2683 -2.63768 2.0609 0.714668 1.43139 -1.48244 0.119717 6
0.580008 -51.7347 -3.00038 4.56116 1.91535 1.74992 1.6482 0.117167 0
-25.2504 -5.01303 -0.0794961 0.682274 0.647069 1.53528 -1.49741 0.115961 8
-10.779 -39.5652 -2.51029 4.46858 1.91535 1.59878 3.14366 0.112016 0
-3.61274 24.1604 -1.06923 0.296177 0.304685 1.11381 0.918964 0.109325 9
-29.9269 -4.54322 0.210459 0.782613 0.717115 1.70438 3.05374 0.109135 8
-31.509 -0.303992 0.114208 0.771986 0.688633 1.79843 1.83794 0.107813 8
-21.229 -41.1477 -2.32913 4.65113 1.99263 1.64792 -0.0225923 0.104477 0
-3.47124 -30.9516 -2.51733 2.19061 0.742956 1.51591 -1.48317 0.10393 6
-2.43879 -37.2033 -2.7402 1.89119 0.704447 1.49788 -1.53279 0.102844 6
-21.1939 -25.3996 -1.84454 4.66477 1.96845 1.67305 -0.105826 0.100702 0
7.71308 13.9512 -1.42859 0.676469 0.625631 1.66653 3.0167 0.100525 8
